#比較回数
#左　単純照合法
#右　KMP法
279512 273774
266087 261894
308963 304003
282880 278347
288192 283988
316605 312145
286900 281370
302747 298445
260101 256513
270619 266267
272102 268649
284920 280800
292195 288644
260192 256362
325736 320324
281323 277349
282887 278553
299353 295966
307247 302414
318480 314059
309732 305485
280596 276076
302093 296176
318311 314556
301404 296814
288690 284019
318757 313874
325919 321467
321082 316477
306337 302737
289872 285890
328348 324077
297284 293629
319888 315513
308658 304035
311883 308436
334043 330352
335530 331074
328931 324968
326336 322435
314354 310824
333709 329635
319843 315726
336752 332454
333122 328469
298869 295763
322546 319315
305570 302045
323316 319673
344084 340843
314719 311054
323961 319480
339497 335776
338383 333883
350135 346047
349016 344547
340560 337371
348111 343801
341569 338337
330465 327142
343243 338952
329480 326521
356624 352375
347248 343424
334103 330740
335294 331320
345367 342039
351964 348914
353561 349765
339714 336326
362317 358408
363462 359841
335345 332699
380135 375933
356716 353767
355448 352169
361677 358192
354462 351102
351538 348061
349255 346003
